(57.01415405626541, 9.967151651589688)
(57.014046297768516, 9.967151651315966)
(57.01393853926975, 9.967151651042249)
(57.013830780769126, 9.967151650768532)
(57.013723021961496, 9.967349181962255)
(57.01383078046399, 9.967349182807203)
(57.01393853896462, 9.967349183652155)
(57.01404629746339, 9.967349184497111)
(57.01415405596029, 9.967349185342075)
(57.01426181445531, 9.967349186187045)
(57.01436957294846, 9.96734918703202)
(57.01469284779997, 9.967546726175632)
(57.01458508931241, 9.967546724759382)
(57.014477330822984, 9.967546723343135)
(57.014369572331695, 9.967546721926903)
(57.01426181383853, 9.967546720510677)
(57.01415405534351, 9.967546719094463)
(57.01404629684662, 9.967546717678253)
(57.01393853834787, 9.967546716262056)
(57.01383077984722, 9.96754671484587)
(57.01372302134474, 9.96754671342969)
(57.013723020416364, 9.967744244897114)
(57.01383077891886, 9.967744246884525)
(57.01393853741948, 9.967744248871949)
(57.01404629591824, 9.96774425085939)
(57.01415405441512, 9.96774425284684)
(57.01426181291015, 9.967744254834301)
(57.0143695714033, 9.967744256821778)
(57.01447732989459, 9.967744258809258)
(57.01458508838401, 9.967744260796769)
(57.01469284687156, 9.967744262784283)
(57.01469284563153, 9.967941799392921)
(57.01458508714398, 9.967941796834143)
(57.01447732865457, 9.967941794275387)
(57.01436957016329, 9.967941791716639)
(57.014261811670124, 9.967941789157914)
(57.01415405317512, 9.9679417865992)
(57.014046294678245, 9.967941784040505)
(57.01393853617948, 9.967941781481834)
(57.01383077767885, 9.967941778923178)
(57.01372301917637, 9.96794177636453)
(57.013615260672005, 9.967941773805908)
(57.0136152591204, 9.968139304702078)
(57.01372301762475, 9.968139307831933)
(57.01383077612723, 9.968139310961806)
(57.01393853462785, 9.968139314091697)
(57.01404629312661, 9.968139317221613)
(57.01415405162348, 9.968139320351556)
(57.014261810118484, 9.968139323481509)
(57.014369568611635, 9.968139326611483)
(57.01447732710292, 9.968139329741478)
(57.01458508559233, 9.968139332871493)
(57.01458508372904, 9.968336868908843)
(57.01447732523963, 9.96833686520756)
(57.01436956674836, 9.968336861506312)
(57.01426180825522, 9.968336857805081)
(57.014154049760215, 9.968336854103885)
(57.01404629126334, 9.968336850402705)
(57.0139385327646, 9.968336846701549)
(57.01383077426399, 9.96833684300042)
(57.013723015761514, 9.96833683929931)
(57.01361525725716, 9.968336835598235)
(57.0135074965761, 9.968534362222085)
(57.01361525508231, 9.968534366494366)
(57.01372301358665, 9.968534370766672)
(57.01383077208912, 9.96853437503901)
(57.01393853058972, 9.968534379311384)
(57.01404628908846, 9.96853438358377)
(57.01415404758533, 9.968534387856195)
(57.01426180608032, 9.96853439212865)
(57.01436956457345, 9.968534396401127)
(57.01447732306472, 9.968534400673626)
(57.014585081554124, 9.968534404946164)
(57.01447732057818, 9.968731936139664)
(57.01436956208692, 9.968731931295906)
(57.0142618035938, 9.968731926452183)
(57.014154045098806, 9.968731921608482)
(57.014046286601946, 9.968731916764817)
(57.013938528103225, 9.968731911921173)
(57.01383076960261, 9.968731907077586)
(57.013723011100176, 9.968731902234008)
(57.013615252595834, 9.968731897390475)
(57.01350749408963, 9.96873189254697)
(57.01372300830205, 9.968929433701314)
(57.0138307668045, 9.968929439116115)
(57.013938525305086, 9.968929444530959)
(57.014046283803815, 9.968929449945824)
(57.01415404230066, 9.96892945536074)
(57.014261800795644, 9.968929460775675)
(57.01436955928876, 9.968929466190659)
(57.01447731778001, 9.968929471605673)
(57.014585076269384, 9.968929477020723)
(57.01490834861648, 9.969127031017127)
(57.014800590132715, 9.9691270250307)
(57.01469283164708, 9.969127019044313)
(57.014585073159566, 9.969127013057964)
(57.014477314670195, 9.969127007071652)
(57.01436955617897, 9.96912700108538)
(57.01426179768586, 9.969126995099153)
(57.01415403919089, 9.96912698911296)
(57.014046280694046, 9.969126983126806)
(57.013938522195346, 9.969126977140698)
(57.01383076369477, 9.969126971154628)
(57.013723005192325, 9.969126965168593)
(57.01372300177098, 9.96932449663584)
(57.0138307602734, 9.969324503193096)
(57.01393851877397, 9.969324509750411)
(57.01404627727266, 9.969324516307758)
(57.0141540357695, 9.969324522865154)
(57.014261794264456, 9.969324529422584)
(57.01436955275754, 9.96932453598007)
(57.01447731124878, 9.9693245425376)
(57.014585069738146, 9.969324549095163)
(57.014692828225634, 9.969324555652772)
(57.01480058671125, 9.969324562210428)
(57.014908345195, 9.969324568768124)
(57.014908341461904, 9.969522106519086)
(57.014800582978154, 9.969522099390119)
(57.01469282449255, 9.9695220922612)
(57.01458506600507, 9.969522085132327)
(57.014477307515726, 9.969522078003498)
(57.014369549024515, 9.96952207087472)
(57.01426179053142, 9.969522063745993)
(57.01415403203648, 9.969522056617306)
(57.01404627353966, 9.969522049488667)
(57.01393851504098, 9.96952204236008)
(57.01383075654042, 9.969522035231527)
(57.01372299803801, 9.969522028103041)
(57.01361523953371, 9.969522020974596)
(57.01361523548914, 9.969719551870527)
(57.01372299399341, 9.969719559570205)
(57.01383075249582, 9.969719567269939)
(57.01393851099637, 9.96971957496971)
(57.01404626949502, 9.969719582669539)
(57.01415402799182, 9.969719590369424)
(57.01426178648677, 9.969719598069346)
(57.01436954497983, 9.96971960576933)
(57.01447730347103, 9.969719613469367)
(57.01458506196037, 9.969719621169453)
(57.01469282044783, 9.969719628869582)
(57.014800578933425, 9.969719636569769)
(57.01490833741716, 9.969719644270006)
(57.01490833306078, 9.969917182020879)
(57.01480057457707, 9.969917173749375)
(57.01469281609148, 9.969917165477922)
(57.01458505760404, 9.969917157206524)
(57.01447729911472, 9.969917148935181)
(57.01436954062353, 9.969917140663899)
(57.01426178213047, 9.969917132392665)
(57.014154023635555, 9.969917124121483)
(57.014046265138774, 9.96991711585036)
(57.013938506640116, 9.969917107579292)
(57.01383074813958, 9.96991709930828)
(57.013722989637195, 9.969917091037322)
(57.01361523113294, 9.969917082766417)
(57.013507467959, 9.970114604820184)
(57.01361522646511, 9.970114613662254)
(57.01372298496936, 9.970114622504388)
(57.01383074347173, 9.970114631346583)
(57.013938501972234, 9.97011464018883)
(57.01404626047088, 9.97011464903114)
(57.01415401896766, 9.970114657873506)
(57.014261777462565, 9.970114666715935)
(57.0143695359556, 9.97011467555842)
(57.01447729444677, 9.970114684400956)
(57.01458505293608, 9.970114693243556)
(57.014692811423515, 9.970114702086217)
(57.01480056990907, 9.970114710928932)
(57.01480056492946, 9.970312248108439)
(57.01469280644391, 9.970312238694454)
(57.01458504795649, 9.970312229280534)
(57.014477289467195, 9.970312219866676)
(57.01436953097603, 9.97031221045288)
(57.01426177248302, 9.970312201039146)
(57.014154013988126, 9.970312191625476)
(57.014046255491365, 9.970312182211861)
(57.013938496992736, 9.970312172798321)
(57.01383073849225, 9.970312163384833)
(57.01372297998989, 9.970312153971399)
(57.013615221485665, 9.97031214455805)
(57.01350746297956, 9.970312135144749)
(57.01383073320115, 9.970509695423033)
(57.01393849170163, 9.970509705407752)
(57.01404625020023, 9.970509715392536)
(57.01415400869697, 9.970509725377386)
(57.01426176719184, 9.970509735362311)
(57.014369525684856, 9.970509745347291)
(57.014477284175996, 9.97050975533235)
(57.01458504266526, 9.970509765317463)
(57.01469280115266, 9.970509775302641)
(57.0148005596382, 9.97050978528789)
(57.0146927955498, 9.970707311910772)
(57.0145850370624, 9.970707301354324)
(57.01447727857315, 9.970707290797954)
(57.01436952008203, 9.97070728024165)
(57.01426176158905, 9.970707269685409)
